The following data copied into a csv file seems to function adequately with the code in test runs from home

0,0,0.037186
0,0,0.141811
0,0,0.247147
0,0,0.349692
0,0,0.459516
0,0,0.5626
0,0,0.668082
0,0,0.772813
0,0,0.878705
0,0,0.986796
0,0,1.122572
0,0,1.225696
0,0,1.331634
0,0,1.438411
0,0,1.543138
0,0,1.646364
0,0,1.751091
0,0,1.855715
0,0,1.960206
0,0,2.067652
0,0,2.181369
0,0,2.284632
0,0,2.389974
0,0,2.495909
0,0,2.600346
0,0,2.704661
0,0,2.80815
0,0,2.910785
0,0,3.017417
0,0,3.122916
0,0,3.242455
0,0,3.350353
0,0,3.453654
RightMotorEncoder,LeftMotorEncoder,Time
0,0,3.558311
0,0,3.660696
0,0,3.767729
0.00311666,0,3.872096
0.031166591,0.012466638,3.980023
0.090383105,0.052983202,4.083168
0.196349651,0.115316421,4.191588
0.349065691,0.224399552,4.305117
0.495548397,0.339715719,4.411305
0.682547569,0.467498511,4.516238
0.847731709,0.59839797,4.619566
1.019150019,0.766697526,4.724928
1.190568447,0.910065651,4.831662
1.405620575,1.084600687,4.939147
1.586386204,1.237318993,5.044789
1.770266056,1.393153787,5.147575
1.960379362,1.545870304,5.255146
2.178541899,1.732866764,5.370114
2.393587828,1.891813874,5.477141
2.571234465,2.060110807,5.581837
2.742648125,2.153609037,5.687709
2.9358778,2.15049243,5.797439
3.088591814,2.072577238,5.908864
3.269355059,1.966612458,6.011913
3.418952227,1.91051352,6.119492
3.571666241,1.879347444,6.22442
3.74619627,1.876230836,6.331708
3.852160931,1.904280305,6.446485
3.911376476,1.957262635,6.55451
3.951892376,2.004011869,6.657368
3.979941845,2.0320611,6.763483
3.992408276,2.047644377,6.868177
3.995524645,2.050760984,6.973324
3.992408276,2.050760984,7.079036
3.992408276,2.050760984,7.186299
3.992408276,2.050760984,7.288956
3.992408276,2.050760984,7.397384
3.992408276,2.050760984,7.509955
3.992408276,2.050760984,7.614261
3.992408276,2.050760984,7.718678
3.992408276,2.050760984,7.822419
3.992408276,2.050760984,7.927433
3.992408276,2.050760984,8.031495
3.992408276,2.050760984,8.14311
3.992408276,2.050760984,8.24586
3.992408276,2.050760984,8.348627
3.992408276,2.050760984,8.454435
3.992408276,2.050760984,8.567165
3.992408276,2.050760984,8.669861
3.992408276,2.050760984,8.772929
3.992408276,2.050760984,8.879954
3.992408276,2.050760984,8.985097
3.992408276,2.050760984,9.097227
3.992408276,2.050760984,9.20499
3.992408276,2.050760984,9.307562
3.992408276,2.050760984,9.415321
3.992408276,2.050760984,9.517732
3.992408276,2.050760984,9.643688
3.992408276,2.050760984,9.746492
3.992408276,2.050760984,9.856692
3.992408276,2.050760984,9.959652
3.992408276,2.050760984,10.070153
3.992408276,2.050760984,10.173236
3.992408276,2.050760984,10.275392
3.992408276,2.050760984,10.377778
3.992408276,2.050760984,10.484849
3.992408276,2.050760984,10.58703
3.992408276,2.050760984,10.72828
3.992408276,2.050760984,10.831076
3.992408276,2.050760984,10.933659
3.992408276,2.050760984,11.037969
3.992408276,2.050760984,11.142991
3.992408276,2.050760984,11.247356
3.992408276,2.050760984,11.349997
